[0, [3, 26, 1001, 26, -4, 26, 3, 27, 1002, 27, 2, 27, 1, 27, 26, 27, 4, 27, 1001, 28, -1, 28, 1005, 28, 6, 99, 0, 0, 5]]
[2, [3, 26, 1001, 26, -4, 26, 3, 27, 1002, 27, 2, 27, 1, 27, 26, 27, 4, 27, 1001, 28, -1, 28, 1005, 28, 6, 99, 9, 0, 5]]
[6, [3, 26, 1001, 26, -4, 26, 3, 27, 1002, 27, 2, 27, 1, 27, 26, 27, 4, 27, 1001, 28, -1, 28, 1005, 28, 6, 99, 5, 0, 5]]
[8, [3, 26, 1001, 26, -4, 26, 3, 27, 1002, 27, 2, 27, 1, 27, 26, 27, 4, 27, 1001, 28, -1, 28, 1005, 28, 6, 99, 5, 0, 5]]
[12, [3, 26, 1001, 26, -4, 26, 3, 27, 1002, 27, 2, 27, 1, 27, 26, 27, 4, 27, 1001, 28, -1, 28, 1005, 28, 6, 99, 5, 0, 5]]
[16, [3, 26, 1001, 26, -4, 26, 3, 27, 1002, 27, 2, 27, 1, 27, 26, 27, 4, 27, 1001, 28, -1, 28, 1005, 28, 6, 99, 5, 5, 5]]
[18, [3, 26, 1001, 26, -4, 26, 3, 27, 1002, 27, 2, 27, 1, 27, 26, 27, 4, 27, 1001, 28, -1, 28, 1005, 28, 6, 99, 5, 5, 5]]
[22, [3, 26, 1001, 26, -4, 26, 3, 27, 1002, 27, 2, 27, 1, 27, 26, 27, 4, 27, 1001, 28, -1, 28, 1005, 28, 6, 99, 5, 5, 4]]
[6, [3, 26, 1001, 26, -4, 26, 3, 27, 1002, 27, 2, 27, 1, 27, 26, 27, 4, 27, 1001, 28, -1, 28, 1005, 28, 6, 99, 5, 5, 4]]
[8, [3, 26, 1001, 26, -4, 26, 3, 27, 1002, 27, 2, 27, 1, 27, 26, 27, 4, 27, 1001, 28, -1, 28, 1005, 28, 6, 99, 5, 5, 4]]
[12, [3, 26, 1001, 26, -4, 26, 3, 27, 1002, 27, 2, 27, 1, 27, 26, 27, 4, 27, 1001, 28, -1, 28, 1005, 28, 6, 99, 5, 10, 4]]
[16, [3, 26, 1001, 26, -4, 26, 3, 27, 1002, 27, 2, 27, 1, 27, 26, 27, 4, 27, 1001, 28, -1, 28, 1005, 28, 6, 99, 5, 15, 4]]
[18, [3, 26, 1001, 26, -4, 26, 3, 27, 1002, 27, 2, 27, 1, 27, 26, 27, 4, 27, 1001, 28, -1, 28, 1005, 28, 6, 99, 5, 15, 4]]
[22, [3, 26, 1001, 26, -4, 26, 3, 27, 1002, 27, 2, 27, 1, 27, 26, 27, 4, 27, 1001, 28, -1, 28, 1005, 28, 6, 99, 5, 15, 3]]
[6, [3, 26, 1001, 26, -4, 26, 3, 27, 1002, 27, 2, 27, 1, 27, 26, 27, 4, 27, 1001, 28, -1, 28, 1005, 28, 6, 99, 5, 15, 3]]
[8, [3, 26, 1001, 26, -4, 26, 3, 27, 1002, 27, 2, 27, 1, 27, 26, 27, 4, 27, 1001, 28, -1, 28, 1005, 28, 6, 99, 5, 15, 3]]
[12, [3, 26, 1001, 26, -4, 26, 3, 27, 1002, 27, 2, 27, 1, 27, 26, 27, 4, 27, 1001, 28, -1, 28, 1005, 28, 6, 99, 5, 30, 3]]
[16, [3, 26, 1001, 26, -4, 26, 3, 27, 1002, 27, 2, 27, 1, 27, 26, 27, 4, 27, 1001, 28, -1, 28, 1005, 28, 6, 99, 5, 35, 3]]
[18, [3, 26, 1001, 26, -4, 26, 3, 27, 1002, 27, 2, 27, 1, 27, 26, 27, 4, 27, 1001, 28, -1, 28, 1005, 28, 6, 99, 5, 35, 3]]
[22, [3, 26, 1001, 26, -4, 26, 3, 27, 1002, 27, 2, 27, 1, 27, 26, 27, 4, 27, 1001, 28, -1, 28, 1005, 28, 6, 99, 5, 35, 2]]
[6, [3, 26, 1001, 26, -4, 26, 3, 27, 1002, 27, 2, 27, 1, 27, 26, 27, 4, 27, 1001, 28, -1, 28, 1005, 28, 6, 99, 5, 35, 2]]
[8, [3, 26, 1001, 26, -4, 26, 3, 27, 1002, 27, 2, 27, 1, 27, 26, 27, 4, 27, 1001, 28, -1, 28, 1005, 28, 6, 99, 5, 35, 2]]
[12, [3, 26, 1001, 26, -4, 26, 3, 27, 1002, 27, 2, 27, 1, 27, 26, 27, 4, 27, 1001, 28, -1, 28, 1005, 28, 6, 99, 5, 70, 2]]
[16, [3, 26, 1001, 26, -4, 26, 3, 27, 1002, 27, 2, 27, 1, 27, 26, 27, 4, 27, 1001, 28, -1, 28, 1005, 28, 6, 99, 5, 75, 2]]
[18, [3, 26, 1001, 26, -4, 26, 3, 27, 1002, 27, 2, 27, 1, 27, 26, 27, 4, 27, 1001, 28, -1, 28, 1005, 28, 6, 99, 5, 75, 2]]
[22, [3, 26, 1001, 26, -4, 26, 3, 27, 1002, 27, 2, 27, 1, 27, 26, 27, 4, 27, 1001, 28, -1, 28, 1005, 28, 6, 99, 5, 75, 1]]
[6, [3, 26, 1001, 26, -4, 26, 3, 27, 1002, 27, 2, 27, 1, 27, 26, 27, 4, 27, 1001, 28, -1, 28, 1005, 28, 6, 99, 5, 75, 1]]
[8, [3, 26, 1001, 26, -4, 26, 3, 27, 1002, 27, 2, 27, 1, 27, 26, 27, 4, 27, 1001, 28, -1, 28, 1005, 28, 6, 99, 5, 75, 1]]
[12, [3, 26, 1001, 26, -4, 26, 3, 27, 1002, 27, 2, 27, 1, 27, 26, 27, 4, 27, 1001, 28, -1, 28, 1005, 28, 6, 99, 5, 150, 1]]
[16, [3, 26, 1001, 26, -4, 26, 3, 27, 1002, 27, 2, 27, 1, 27, 26, 27, 4, 27, 1001, 28, -1, 28, 1005, 28, 6, 99, 5, 155, 1]]
[18, [3, 26, 1001, 26, -4, 26, 3, 27, 1002, 27, 2, 27, 1, 27, 26, 27, 4, 27, 1001, 28, -1, 28, 1005, 28, 6, 99, 5, 155, 1]]
[22, [3, 26, 1001, 26, -4, 26, 3, 27, 1002, 27, 2, 27, 1, 27, 26, 27, 4, 27, 1001, 28, -1, 28, 1005, 28, 6, 99, 5, 155, 0]]
[25, [3, 26, 1001, 26, -4, 26, 3, 27, 1002, 27, 2, 27, 1, 27, 26, 27, 4, 27, 1001, 28, -1, 28, 1005, 28, 6, 99, 5, 155, 0]]
